0 0 0 0 0 0 0 0 0 0 0 0 0 0 0 0 0 0 0 0 0 0 0 0 0 0 0 0 0 0 0 0 0 0 0 0 0 0 0 0 0 0 0 0 0 0 0 0 0 0 0 0 0 0 0 0 0 0 0 0 0 0 0 0 0 0 0 0 0 0 0 0 0 0 0 0 0 0 0 0 0 0 0 0 0 0 0 0 0 0 0 0 
0 100 100 100 100 100 100 100 100 100 100 100 100 100 100 100 100 100 100 100 100 100 100 100 100 100 100 100 100 100 100 100 100 100 100 10 10 20 20 10 10 20 20 10 10 20 20 10 10 20 20 10 10 20 20 30 30 40 40 30 30 40 40 30 30 40 40 30 30 90 90 90 40 40 90 90 90 90 90 90 90 90 90 90 90 90 90 90 90 90 90 90 
0 100 100 100 100 100 100 100 100 100 100 100 100 100 100 100 100 100 100 100 100 100 100 100 100 100 100 100 100 100 100 100 100 100 100 10 10 20 20 10 10 20 20 10 10 20 20 10 10 20 20 10 10 20 20 30 30 40 40 30 30 40 40 30 30 40 40 30 30 90 90 90 40 40 90 90 90 90 90 90 90 90 90 90 90 90 90 90 90 90 90 90 
0 100 100 100 100 100 100 100 100 100 100 100 100 100 100 100 100 100 100 100 100 100 100 100 100 100 100 100 100 100 100 100 100 100 100 10 10 20 20 10 10 20 20 10 10 20 20 10 10 20 20 10 10 20 20 30 30 40 40 30 30 40 40 30 30 40 40 30 30 90 90 90 40 40 90 90 90 90 90 90 90 90 90 90 90 90 90 90 90 90 90 90 
0 100 100 100 100 100 100 100 100 100 100 100 100 100 100 100 100 100 100 100 100 100 100 100 100 100 100 100 100 100 100 100 100 100 100 10 10 20 20 10 10 20 20 10 10 20 20 10 10 20 20 10 10 20 20 30 30 40 40 30 30 40 40 30 30 40 40 30 30 90 90 90 40 40 90 90 90 90 90 90 90 90 90 90 90 90 90 90 90 90 90 90 
0 100 100 100 100 100 100 100 100 100 100 100 100 100 100 100 100 100 100 100 100 100 100 100 100 100 100 100 100 100 100 100 100 100 100 10 10 20 20 10 10 20 20 10 10 20 20 10 10 20 20 10 10 20 20 30 30 40 40 30 30 40 40 30 30 40 40 30 30 90 90 90 40 40 90 90 90 90 90 90 90 90 90 90 90 90 90 90 90 90 90 90 
0 100 100 100 100 100 100 100 100 100 100 100 100 100 100 100 100 100 100 100 100 100 100 100 100 100 100 100 100 100 100 100 100 100 100 10 10 20 20 10 10 20 20 10 10 20 20 10 10 20 20 10 10 20 20 30 30 40 40 30 30 40 40 30 30 40 40 30 30 90 90 90 40 40 90 90 90 90 90 90 90 90 90 90 90 90 90 90 90 90 90 90 
0 100 100 100 100 100 100 100 100 100 100 100 100 100 100 100 100 100 100 100 100 100 100 100 100 100 100 100 100 100 100 100 100 100 100 10 10 20 20 10 10 20 20 10 10 20 20 10 10 20 20 10 10 20 20 30 30 40 40 30 30 40 40 30 30 40 40 30 30 90 90 90 40 40 90 90 90 90 90 90 90 90 90 90 90 90 90 90 90 90 90 90 
0 100 100 100 100 100 100 100 100 100 100 100 100 100 100 100 100 100 100 100 100 100 100 100 100 100 100 100 100 100 100 100 100 100 100 10 10 20 20 10 10 20 20 10 10 20 20 10 10 20 20 10 10 20 20 30 30 40 40 30 30 40 40 30 30 40 40 30 30 90 90 90 40 40 90 90 90 90 90 90 90 90 90 90 90 90 90 90 90 90 90 90 
0 100 100 100 100 100 100 100 100 100 100 100 100 100 100 100 100 100 100 100 100 100 100 100 100 100 100 100 100 100 100 100 100 100 100 10 10 20 20 10 10 20 20 10 10 20 20 10 10 20 20 10 10 20 20 30 30 40 40 30 30 40 40 30 30 40 40 30 30 90 90 90 40 40 90 90 90 90 90 90 90 90 90 90 90 90 90 90 90 90 90 90 
0 100 100 100 100 100 100 100 100 100 100 100 100 100 100 100 100 100 100 100 100 100 100 100 100 100 100 100 100 100 100 100 100 100 100 10 10 20 20 10 10 20 20 10 10 20 20 10 10 20 20 10 10 20 20 30 30 40 40 30 30 40 40 30 30 40 40 30 30 90 90 90 40 40 90 90 90 90 90 90 90 90 90 90 90 90 90 90 90 90 90 90 
0 100 100 100 100 100 100 100 100 100 100 100 100 100 100 100 100 100 100 100 100 100 100 100 100 100 100 100 100 100 100 100 100 100 100 10 10 20 20 10 10 20 20 10 10 20 20 10 10 20 20 10 10 20 20 30 30 40 40 30 30 40 40 30 30 40 40 30 30 90 90 90 40 40 90 90 90 90 90 90 90 90 90 90 90 90 90 90 90 90 90 90 
0 100 100 100 100 100 100 100 100 100 100 100 100 100 100 100 100 100 100 100 100 100 100 100 100 100 100 100 100 100 100 100 100 100 100 10 10 20 20 10 10 20 20 10 10 20 20 10 10 20 20 10 10 20 20 30 30 40 40 30 30 40 40 30 30 40 40 30 30 90 90 90 40 40 90 90 90 90 90 90 90 90 90 90 90 90 90 90 90 90 90 90 
0 100 100 100 100 100 100 100 100 100 100 100 100 100 100 100 100 100 100 100 100 100 100 100 100 100 100 100 100 100 100 100 100 100 100 10 10 20 20 10 10 20 20 10 10 20 20 10 10 20 20 10 10 20 20 30 30 40 40 30 30 40 40 30 30 40 40 30 30 90 90 90 40 40 90 90 90 90 90 90 90 90 90 90 90 90 90 90 90 90 90 90 
0 100 100 100 100 100 100 100 100 100 100 100 100 100 100 100 100 100 100 100 100 100 100 100 100 100 100 100 100 100 100 100 100 100 100 10 10 20 20 10 10 20 20 10 10 20 20 10 10 20 20 10 10 20 20 30 30 40 40 30 30 40 40 30 30 40 40 30 30 90 90 90 40 40 90 90 90 90 90 90 90 90 90 90 90 90 90 90 90 90 90 90 
0 100 100 100 100 100 100 100 100 100 100 100 100 100 100 100 100 100 100 100 100 100 100 100 100 100 100 100 100 100 100 100 100 100 100 10 10 20 20 10 10 20 20 10 10 20 20 10 10 20 20 10 10 20 20 30 30 40 40 30 30 40 40 30 30 40 40 30 30 90 90 90 40 40 90 90 90 90 90 90 90 90 90 90 90 90 90 90 90 90 90 90 
0 100 100 100 100 100 100 100 100 100 100 100 100 100 100 100 100 100 100 100 100 100 100 100 100 100 100 100 100 100 100 100 100 100 100 10 10 20 20 10 10 20 20 10 10 20 20 10 10 20 20 10 10 20 20 30 30 40 40 30 30 40 40 30 30 40 40 30 30 90 90 90 40 40 90 90 90 90 90 90 90 90 90 90 90 90 90 90 90 90 90 90 
0 100 100 100 100 100 100 100 100 100 100 100 100 100 100 100 100 100 100 100 100 100 100 100 100 100 100 100 100 100 100 100 100 100 100 10 10 20 20 10 10 20 20 10 10 20 20 10 10 20 20 10 10 20 20 30 30 40 40 30 30 40 40 30 30 40 40 30 30 90 90 90 40 40 90 90 90 90 90 90 90 90 90 90 90 90 90 90 90 90 90 90 
0 100 100 100 100 100 100 100 100 100 100 100 100 100 100 100 100 100 100 100 100 100 100 100 100 100 100 100 100 100 100 100 100 100 100 10 10 20 20 10 10 20 20 10 10 20 20 10 10 20 20 10 10 20 20 30 30 40 40 30 30 40 40 30 30 40 40 30 30 90 90 90 40 40 90 90 90 90 90 90 90 90 90 90 90 90 90 90 90 90 90 90 
0 100 100 100 100 100 100 100 100 100 100 100 100 100 100 100 100 100 100 100 100 100 100 100 100 100 100 100 100 100 100 100 100 100 100 10 10 20 20 10 10 20 20 10 10 20 20 10 10 20 20 10 10 20 20 30 30 40 40 30 30 40 40 30 30 40 40 30 30 90 90 90 40 40 90 90 90 90 90 90 90 90 90 90 90 90 90 90 90 90 90 90 
0 100 100 100 100 100 100 100 100 100 100 100 100 100 100 100 100 100 100 100 100 100 100 100 100 100 100 100 100 100 100 100 100 100 100 10 10 20 20 10 10 20 20 10 10 20 20 10 10 20 20 10 10 20 20 30 30 40 40 30 30 40 40 30 30 40 40 30 30 90 90 90 40 40 90 90 90 90 90 90 90 90 90 90 90 90 90 90 90 90 90 90 
0 100 100 100 100 100 100 100 100 100 100 100 100 100 100 100 100 100 100 100 100 100 100 100 100 100 100 100 100 100 100 100 100 100 100 10 10 20 20 10 10 20 20 10 10 20 20 10 10 20 20 10 10 20 20 30 30 40 40 30 30 40 40 30 30 40 40 30 30 90 90 90 40 40 90 90 90 90 90 90 90 90 90 90 90 90 90 90 90 90 90 90 
0 100 100 100 100 100 100 100 100 100 100 100 100 100 100 100 100 100 100 100 100 100 100 100 100 100 100 100 100 100 100 100 100 100 100 10 10 20 20 10 10 20 20 10 10 20 20 10 10 20 20 10 10 20 20 30 30 40 40 30 30 40 40 30 30 40 40 30 30 90 90 90 40 40 90 90 90 90 90 90 90 90 90 90 90 90 90 90 90 90 90 90 
0 100 100 100 100 100 100 100 100 100 100 100 100 100 100 100 100 100 100 100 100 100 100 100 100 100 100 100 100 100 100 100 100 100 100 10 10 20 20 10 10 20 20 10 10 20 20 10 10 20 20 10 10 20 20 30 30 40 40 30 30 40 40 30 30 40 40 30 30 90 90 90 40 40 90 90 90 90 90 90 90 90 90 90 90 90 90 90 90 90 90 90 
0 100 100 100 100 100 100 100 100 100 100 100 100 100 100 100 100 100 100 100 100 100 100 100 100 100 100 100 100 100 100 100 100 100 100 10 10 20 20 10 10 20 20 10 10 20 20 10 10 20 20 10 10 20 20 30 30 40 40 30 30 40 40 30 30 40 40 30 30 90 90 90 40 40 90 90 90 90 90 90 90 90 90 90 90 90 90 90 90 90 90 90 
0 100 100 100 100 100 100 100 100 100 100 100 100 100 100 100 100 100 100 100 100 100 100 100 100 100 100 100 100 100 100 100 100 100 100 10 10 20 20 10 10 20 20 10 10 20 20 10 10 20 20 10 10 20 20 30 30 40 40 30 30 40 40 30 30 40 40 30 30 90 90 90 40 40 90 90 90 90 90 90 90 90 90 90 90 90 90 90 90 90 90 90 
0 100 100 100 100 100 100 100 100 100 100 100 100 100 100 100 100 100 100 100 100 100 100 100 100 100 100 100 100 100 100 100 100 100 100 10 10 20 20 10 10 20 20 10 10 20 20 10 10 20 20 10 10 20 20 30 30 40 40 30 30 40 40 30 30 40 40 30 30 90 90 90 40 40 90 90 90 90 90 90 90 90 90 90 90 90 90 90 90 90 90 90 
0 100 100 100 100 100 100 100 100 100 100 100 100 100 100 100 100 100 100 100 100 100 100 100 100 100 100 100 100 100 100 100 100 100 100 10 10 20 20 10 10 20 20 10 10 20 20 10 10 20 20 10 10 20 20 30 30 40 40 30 30 40 40 30 30 40 40 30 30 90 90 90 40 40 90 90 90 90 90 90 90 90 90 90 90 90 90 90 90 90 90 90 
0 100 100 100 100 100 100 100 100 100 100 100 100 100 100 100 100 100 100 100 100 100 100 100 100 100 100 100 100 100 100 100 100 100 100 10 10 20 20 10 10 20 20 10 10 20 20 10 10 20 20 10 10 20 20 30 30 40 40 30 30 40 40 30 30 40 40 30 30 90 90 90 40 40 90 90 90 90 90 90 90 90 90 90 90 90 90 90 90 90 90 90 
0 100 100 100 100 100 100 100 100 100 100 100 100 100 100 100 100 100 100 100 100 100 100 100 100 100 100 100 100 100 100 100 100 100 100 10 10 20 20 10 10 20 20 10 10 20 20 10 10 20 20 10 10 20 20 30 30 40 40 30 30 40 40 30 30 40 40 30 30 90 90 90 40 40 90 90 90 90 90 90 90 90 90 90 90 90 90 90 90 90 90 90 
0 100 100 100 100 100 100 100 100 100 100 100 100 100 100 100 100 100 100 100 100 100 100 100 100 100 100 100 100 100 100 100 100 100 100 10 10 20 20 10 10 20 20 10 10 20 20 10 10 20 20 10 10 20 20 30 30 40 40 30 30 40 40 30 30 40 40 30 30 90 90 90 40 40 90 90 90 90 90 90 90 90 90 90 90 90 90 90 90 90 90 90 
0 100 100 100 100 100 100 100 100 100 100 100 100 100 100 100 100 100 100 100 100 100 100 100 100 100 100 100 100 100 100 100 100 100 100 10 10 20 20 10 10 20 20 10 10 20 20 10 10 20 20 10 10 20 20 30 30 40 40 30 30 40 40 30 30 40 40 30 30 90 90 90 40 40 90 90 90 90 90 90 90 90 90 90 90 90 90 90 90 90 90 90 
0 100 100 100 100 100 100 100 100 100 100 100 100 100 100 100 100 100 100 100 100 100 100 100 100 100 100 100 100 100 100 100 100 100 100 10 10 20 20 10 10 20 20 10 10 20 20 10 10 20 20 10 10 20 20 30 30 40 40 30 30 40 40 30 30 40 40 30 30 90 90 90 40 40 90 90 90 90 90 90 90 90 90 90 90 90 90 90 90 90 90 90 
0 100 100 100 100 100 100 100 100 100 100 100 100 100 100 100 100 100 100 100 100 100 100 100 100 100 100 100 100 100 100 100 100 100 100 10 10 20 20 10 10 20 20 10 10 20 20 10 10 20 20 10 10 20 20 30 30 40 40 30 30 40 40 30 30 40 40 30 30 90 90 90 40 40 90 90 90 90 90 90 90 90 90 90 90 90 90 90 90 90 90 90 
0 100 100 100 100 100 100 100 100 100 100 100 100 100 100 100 100 100 100 100 100 100 100 100 100 100 100 100 100 100 100 100 100 100 100 10 10 20 20 10 10 20 20 10 10 20 20 10 10 20 20 10 10 20 20 30 30 40 40 30 30 40 40 30 30 40 40 30 30 90 90 90 40 40 90 90 90 90 90 90 90 90 90 90 90 90 90 90 90 90 90 90 
0 90 90 90 90 90 90 90 90 90 90 90 90 90 90 90 90 90 90 90 90 90 90 90 90 90 90 90 90 90 90 90 90 90 90 10 10 20 20 10 10 20 20 10 10 20 20 10 10 20 20 10 10 20 20 30 30 40 40 30 30 40 40 30 30 40 40 30 30 80 80 80 40 40 80 80 80 80 80 80 80 80 80 80 80 80 80 80 80 80 80 80 
0 90 90 90 90 90 90 90 90 90 90 90 90 90 90 90 90 90 90 90 90 90 90 90 90 90 90 90 90 90 90 90 90 90 90 10 10 20 20 10 10 20 20 10 10 20 20 10 10 20 20 10 10 20 20 30 30 40 40 30 30 40 40 30 30 40 40 30 30 80 80 80 40 40 80 80 80 80 80 80 80 80 80 80 80 80 80 80 80 80 80 80 
0 90 90 90 90 90 90 90 90 90 90 90 90 90 90 90 90 90 90 90 90 90 90 90 90 90 90 90 90 90 90 90 90 90 90 10 10 20 20 10 10 20 20 10 10 20 20 10 10 20 20 10 10 20 20 30 30 40 40 30 30 40 40 30 30 40 40 30 30 80 80 80 40 40 80 80 80 80 80 80 80 80 80 80 80 80 80 80 80 80 80 80 
0 90 90 90 90 90 90 90 90 90 90 90 90 90 90 90 90 90 90 90 90 90 90 90 90 90 90 90 90 90 90 90 90 90 90 10 10 20 20 10 10 20 20 10 10 20 20 10 10 20 20 10 10 20 20 30 30 40 40 30 30 40 40 30 30 40 40 30 30 80 80 80 40 40 80 80 80 80 80 80 80 80 80 80 80 80 80 80 80 80 80 80 
0 90 90 90 90 90 90 90 90 90 90 90 90 90 90 90 90 90 90 90 90 90 90 90 90 90 90 90 90 90 90 90 90 90 90 10 10 20 20 10 10 20 20 10 10 20 20 10 10 20 20 10 10 20 20 30 30 40 40 30 30 40 40 30 30 40 40 30 30 80 80 80 40 40 80 80 80 80 80 80 80 80 80 80 80 80 80 80 80 80 80 80 
0 90 90 90 90 90 90 90 90 90 90 90 90 90 90 90 90 90 90 90 90 90 90 90 90 90 90 90 90 90 90 90 90 90 90 10 10 20 20 10 10 20 20 10 10 20 20 10 10 20 20 10 10 20 20 30 30 40 40 30 30 40 40 30 30 40 40 30 30 80 80 80 40 40 80 80 80 80 80 80 80 80 80 80 80 80 80 80 80 80 80 80 
0 90 90 90 90 90 90 90 90 90 90 90 90 90 90 90 90 90 90 90 90 90 90 90 90 90 90 90 90 90 90 90 90 90 90 10 10 20 20 10 10 20 20 10 10 20 20 10 10 20 20 10 10 20 20 30 30 40 40 30 30 40 40 30 30 40 40 30 30 80 80 80 40 40 80 80 80 80 80 80 80 80 80 80 80 80 80 80 80 80 80 80 
0 90 90 90 90 90 90 90 90 90 90 90 90 90 90 90 90 90 90 90 90 90 90 90 90 90 90 90 90 90 90 90 90 90 90 10 10 20 20 10 10 20 20 10 10 20 20 10 10 20 20 10 10 20 20 30 30 40 40 30 30 40 40 30 30 40 40 30 30 80 80 80 40 40 80 80 80 80 80 80 80 80 80 80 80 80 80 80 80 80 80 80 
0 90 90 90 90 90 90 90 90 90 90 90 90 90 90 90 90 90 90 90 90 90 90 90 90 90 90 90 90 90 90 90 90 90 90 10 10 20 20 10 10 20 20 10 10 20 20 10 10 20 20 10 10 20 20 30 30 40 40 30 30 40 40 30 30 40 40 30 30 80 80 80 40 40 80 80 80 80 80 80 80 80 80 80 80 80 80 80 80 80 80 80 
0 90 90 90 90 90 90 90 90 90 90 90 90 90 90 90 90 90 90 90 90 90 90 90 90 90 90 90 90 90 90 90 90 90 90 10 10 20 20 10 10 20 20 10 10 20 20 10 10 20 20 10 10 20 20 30 30 40 40 30 30 40 40 30 30 40 40 30 30 80 80 80 40 40 80 80 80 80 80 80 80 80 80 80 80 80 80 80 80 80 80 80 
0 90 90 90 90 90 90 90 90 90 90 90 90 90 90 90 90 90 90 90 90 90 90 90 90 90 90 90 90 90 90 90 90 90 90 10 10 20 20 10 10 20 20 10 10 20 20 10 10 20 20 10 10 20 20 30 30 40 40 30 30 40 40 30 30 40 40 30 30 80 80 80 40 40 80 80 80 80 80 80 80 80 80 80 80 80 80 80 80 80 80 80 
0 90 90 90 90 90 90 90 90 90 90 90 90 90 90 90 90 90 90 90 90 90 90 90 90 90 90 90 90 90 90 90 90 90 90 10 10 20 20 10 10 20 20 10 10 20 20 10 10 20 20 10 10 20 20 30 30 40 40 30 30 40 40 30 30 40 40 30 30 80 80 80 40 40 80 80 80 80 80 80 80 80 80 80 80 80 80 80 80 80 80 80 
0 30 30 30 30 30 30 30 30 30 30 30 30 30 30 30 30 30 30 30 30 30 30 30 30 30 30 30 30 30 30 30 30 30 30 10 10 20 20 10 10 20 20 10 10 20 20 10 10 20 20 10 10 20 20 30 30 40 40 30 30 40 40 30 30 40 40 30 30 30 30 30 40 40 30 30 30 30 30 30 30 30 30 30 30 30 30 30 30 30 30 30 
0 30 30 30 30 30 30 30 30 30 30 30 30 30 30 30 30 30 30 30 30 30 30 30 30 30 30 30 30 30 30 30 30 30 30 10 10 20 20 10 10 20 20 10 10 20 20 10 10 20 20 10 10 20 20 30 30 40 40 30 30 40 40 30 30 40 40 30 30 30 30 30 40 40 30 30 30 30 30 30 30 30 30 30 30 30 30 30 30 30 30 30 
0 40 40 40 40 40 40 40 40 40 40 40 40 40 40 40 40 40 40 40 40 40 40 40 40 40 40 40 40 40 40 40 40 40 40 10 10 20 20 10 10 20 20 10 10 20 20 10 10 20 20 10 10 20 20 30 30 40 40 30 30 40 40 30 30 40 40 30 30 40 40 40 40 40 40 40 40 40 40 40 40 40 40 40 40 40 40 40 40 40 40 40 
0 40 40 40 40 40 40 40 40 40 40 40 40 40 40 40 40 40 40 40 40 40 40 40 40 40 40 40 40 40 40 40 40 40 40 10 10 20 20 10 10 20 20 10 10 20 20 10 10 20 20 10 10 20 20 30 30 40 40 30 30 40 40 30 30 40 40 30 30 40 40 40 40 40 40 40 40 40 40 40 40 40 40 40 40 40 40 40 40 40 40 40 
0 30 30 30 30 30 30 30 30 30 30 30 30 30 30 30 30 30 30 30 30 30 30 30 30 30 30 30 30 30 30 30 30 30 30 10 10 20 20 10 10 20 20 10 10 20 20 10 10 20 20 10 10 20 20 30 30 40 40 30 30 40 40 30 30 40 40 30 30 30 30 30 40 40 30 30 30 30 30 30 30 30 30 30 30 30 30 30 30 30 30 30 
0 30 30 30 30 30 30 30 30 30 30 30 30 30 30 30 30 30 30 30 30 30 30 30 30 30 30 30 30 30 30 30 30 30 30 10 10 20 20 10 10 20 20 10 10 20 20 10 10 20 20 10 10 20 20 30 30 40 40 30 30 40 40 30 30 40 40 30 30 30 30 30 40 40 30 30 30 30 30 30 30 30 30 30 30 30 30 30 30 30 30 30 
0 40 40 40 40 40 40 40 40 40 40 40 40 40 40 40 40 40 40 40 40 40 40 40 40 40 40 40 40 40 40 40 40 40 40 10 10 20 20 10 10 20 20 10 10 20 20 10 10 20 20 10 10 20 20 30 30 40 40 30 30 40 40 30 30 40 40 30 30 40 40 40 40 40 40 40 40 40 40 40 40 40 40 40 40 40 40 40 40 40 40 40 
0 40 40 40 40 40 40 40 40 40 40 40 40 40 40 40 40 40 40 40 40 40 40 40 40 40 40 40 40 40 40 40 40 40 40 10 10 20 20 10 10 20 20 10 10 20 20 10 10 20 20 10 10 20 20 30 30 40 40 30 30 40 40 30 30 40 40 30 30 40 40 40 40 40 40 40 40 40 40 40 40 40 40 40 40 40 40 40 40 40 40 40 
0 30 30 30 30 30 30 30 30 30 30 30 30 30 30 30 30 30 30 30 30 30 30 30 30 30 30 30 30 30 30 30 30 30 30 10 10 20 20 10 10 20 20 10 10 20 20 10 10 20 20 10 10 20 20 30 30 40 40 30 30 40 40 30 30 40 40 30 30 30 30 30 40 40 30 30 30 30 30 30 30 30 30 30 30 30 30 30 30 30 30 30 
0 30 30 30 30 30 30 30 30 30 30 30 30 30 30 30 30 30 30 30 30 30 30 30 30 30 30 30 30 30 30 30 30 30 30 10 10 20 20 10 10 20 20 10 10 20 20 10 10 20 20 10 10 20 20 30 30 40 40 30 30 40 40 30 30 40 40 30 30 30 30 30 40 40 30 30 30 30 30 30 30 30 30 30 30 30 30 30 30 30 30 30 
0 40 40 40 40 40 40 40 40 40 40 40 40 40 40 40 40 40 40 40 40 40 40 40 40 40 40 40 40 40 40 40 40 40 40 10 10 20 20 10 10 20 20 10 10 20 20 10 10 20 20 10 10 20 20 30 30 40 40 30 30 40 40 30 30 40 40 30 30 40 40 40 40 40 40 40 40 40 40 40 40 40 40 40 40 40 40 40 40 40 40 40 
0 40 40 40 40 40 40 40 40 40 40 40 40 40 40 40 40 40 40 40 40 40 40 40 40 40 40 40 40 40 40 40 40 40 40 10 10 20 20 10 10 20 20 10 10 20 20 10 10 20 20 10 10 20 20 30 30 40 40 30 30 40 40 30 30 40 40 30 30 40 40 40 40 40 40 40 40 40 40 40 40 40 40 40 40 40 40 40 40 40 40 40 
0 30 30 30 30 30 30 30 30 30 30 30 30 30 30 30 30 30 30 30 30 30 30 30 30 30 30 30 30 30 30 30 30 30 30 10 10 20 20 10 10 20 20 10 10 20 20 10 10 20 20 10 10 20 20 30 30 40 40 30 30 40 40 30 30 40 40 30 30 30 30 30 40 40 30 30 30 30 30 30 30 30 30 30 30 30 30 30 30 30 30 30 
0 30 30 30 30 30 30 30 30 30 30 30 30 30 30 30 30 30 30 30 30 30 30 30 30 30 30 30 30 30 30 30 30 30 30 10 10 20 20 10 10 20 20 10 10 20 20 10 10 20 20 10 10 20 20 30 30 40 40 30 30 40 40 30 30 40 40 30 30 30 30 30 40 40 30 30 30 30 30 30 30 30 30 30 30 30 30 30 30 30 30 30 
0 40 40 40 40 40 40 40 40 40 40 40 40 40 40 40 40 40 40 40 40 40 40 40 40 40 40 40 40 40 40 40 40 40 40 10 10 20 20 10 10 20 20 10 10 20 20 10 10 20 20 10 10 20 20 30 30 40 40 30 30 40 40 30 30 40 40 30 30 40 40 40 40 40 40 40 40 40 40 40 40 40 40 40 40 40 40 40 40 40 40 40 
0 40 40 40 40 40 40 40 40 40 40 40 40 40 40 40 40 40 40 40 40 40 40 40 40 40 40 40 40 40 40 40 40 40 40 10 10 20 20 10 10 20 20 10 10 20 20 10 10 20 20 10 10 20 20 30 30 40 40 30 30 40 40 30 30 40 40 30 30 40 40 40 40 40 40 40 40 40 40 40 40 40 40 40 40 40 40 40 40 40 40 40 
0 30 30 30 30 30 30 30 30 30 30 30 30 30 30 30 30 30 30 30 30 30 30 30 30 30 30 30 30 30 30 30 30 30 30 10 10 20 20 10 10 20 20 10 10 20 20 10 10 20 20 10 10 20 20 30 30 40 40 30 30 40 40 30 30 40 40 30 30 30 30 30 40 40 30 30 30 30 30 30 30 30 30 30 30 30 30 30 30 30 30 30 
0 30 30 30 30 30 30 30 30 30 30 30 30 30 30 30 30 30 30 30 30 30 30 30 30 30 30 30 30 30 30 30 30 30 30 10 10 20 20 10 10 20 20 10 10 20 20 10 10 20 20 10 10 20 20 30 30 40 40 30 30 40 40 30 30 40 40 30 30 30 30 30 40 40 30 30 30 30 30 30 30 30 30 30 30 30 30 30 30 30 30 30 
0 40 40 40 40 40 40 40 40 40 40 40 40 40 40 40 40 40 40 40 40 40 40 40 40 40 40 40 40 40 40 40 40 40 40 10 10 20 20 10 10 20 20 10 10 20 20 10 10 20 20 10 10 20 20 30 30 40 40 30 30 40 40 30 30 40 40 30 30 40 40 40 40 40 40 40 40 40 40 40 40 40 40 40 40 40 40 40 40 40 40 40 
0 40 40 40 40 40 40 40 40 40 40 40 40 40 40 40 40 40 40 40 40 40 40 40 40 40 40 40 40 40 40 40 40 40 40 10 10 20 20 10 10 20 20 10 10 20 20 10 10 20 20 10 10 20 20 30 30 40 40 30 30 40 40 30 30 40 40 30 30 40 40 40 40 40 40 40 40 40 40 40 40 40 40 40 40 40 40 40 40 40 40 40 
0 30 30 30 30 30 30 30 30 30 30 30 30 30 30 30 30 30 30 30 30 30 30 30 30 30 30 30 30 30 30 30 30 30 30 10 10 20 20 10 10 20 20 10 10 20 20 10 10 20 20 10 10 20 20 30 30 40 40 30 30 40 40 30 30 40 40 30 30 30 30 30 40 40 30 30 30 30 30 30 30 30 30 30 30 30 30 30 30 30 30 30 
0 30 30 30 30 30 30 30 30 30 30 30 30 30 30 30 30 30 30 30 30 30 30 30 30 30 30 30 30 30 30 30 30 30 30 10 10 20 20 10 10 20 20 10 10 20 20 10 10 20 20 10 10 20 20 30 30 40 40 30 30 40 40 30 30 40 40 30 30 30 30 30 40 40 30 30 30 30 30 30 30 30 30 30 30 30 30 30 30 30 30 30 
0 90 90 90 90 90 90 90 90 90 90 90 90 90 90 90 90 90 90 90 90 90 90 90 90 90 90 90 90 90 90 90 90 90 90 10 10 20 20 10 10 20 20 10 10 20 20 10 10 20 20 10 10 20 20 30 30 40 40 30 30 40 40 30 30 40 40 30 30 80 80 80 40 40 80 80 80 80 80 80 80 80 80 80 80 80 80 80 80 80 80 80 
0 90 90 90 90 90 90 90 90 90 90 90 90 90 90 90 90 90 90 90 90 90 90 90 90 90 90 90 90 90 90 90 90 90 90 10 10 20 20 10 10 20 20 10 10 20 20 10 10 20 20 10 10 20 20 30 30 40 40 30 30 40 40 30 30 40 40 30 30 80 80 80 40 40 80 80 80 80 80 80 80 80 80 80 80 80 80 80 80 80 80 80 
0 90 90 90 90 90 90 90 90 90 90 90 90 90 90 90 90 90 90 90 90 90 90 90 90 90 90 90 90 90 90 90 90 90 90 10 10 20 20 10 10 20 20 10 10 20 20 10 10 20 20 10 10 20 20 30 30 40 40 30 30 40 40 30 30 40 40 30 30 80 80 80 40 40 80 80 80 80 80 80 80 80 80 80 80 80 80 80 80 80 80 80 
0 40 40 40 40 40 40 40 40 40 40 40 40 40 40 40 40 40 40 40 40 40 40 40 40 40 40 40 40 40 40 40 40 40 40 10 10 20 20 10 10 20 20 10 10 20 20 10 10 20 20 10 10 20 20 30 30 40 40 30 30 40 40 30 30 40 40 30 30 40 40 40 40 40 40 40 40 40 40 40 40 40 40 40 40 40 40 40 40 40 40 40 
0 40 40 40 40 40 40 40 40 40 40 40 40 40 40 40 40 40 40 40 40 40 40 40 40 40 40 40 40 40 40 40 40 40 40 10 10 20 20 10 10 20 20 10 10 20 20 10 10 20 20 10 10 20 20 30 30 40 40 30 30 40 40 30 30 40 40 30 30 40 40 40 40 40 40 40 40 40 40 40 40 40 40 40 40 40 40 40 40 40 40 40 
0 90 90 90 90 90 90 90 90 90 90 90 90 90 90 90 90 90 90 90 90 90 90 90 90 90 90 90 90 90 90 90 90 90 90 10 10 20 20 10 10 20 20 10 10 20 20 10 10 20 20 10 10 20 20 30 30 40 40 30 30 40 40 30 30 40 40 30 30 80 80 80 40 40 80 80 80 80 80 80 80 80 80 80 80 80 80 80 80 80 80 80 
0 90 90 90 90 90 90 90 90 90 90 90 90 90 90 90 90 90 90 90 90 90 90 90 90 90 90 90 90 90 90 90 90 90 90 10 10 20 20 10 10 20 20 10 10 20 20 10 10 20 20 10 10 20 20 30 30 40 40 30 30 40 40 30 30 40 40 30 30 80 80 80 40 40 80 80 80 80 80 80 80 80 80 80 80 80 80 80 80 80 80 80 
0 90 90 90 90 90 90 90 90 90 90 90 90 90 90 90 90 90 90 90 90 90 90 90 90 90 90 90 90 90 90 90 90 90 90 10 10 20 20 10 10 20 20 10 10 20 20 10 10 20 20 10 10 20 20 30 30 40 40 30 30 40 40 30 30 40 40 30 30 80 80 80 40 40 80 80 80 80 80 80 80 80 80 80 80 80 80 80 80 80 80 80 
0 90 90 90 90 90 90 90 90 90 90 90 90 90 90 90 90 90 90 90 90 90 90 90 90 90 90 90 90 90 90 90 90 90 90 10 10 20 20 10 10 20 20 10 10 20 20 10 10 20 20 10 10 20 20 30 30 40 40 30 30 40 40 30 30 40 40 30 30 80 80 80 40 40 80 80 80 80 80 80 80 80 80 80 80 80 80 80 80 80 80 80 
0 90 90 90 90 90 90 90 90 90 90 90 90 90 90 90 90 90 90 90 90 90 90 90 90 90 90 90 90 90 90 90 90 90 90 10 10 20 20 10 10 20 20 10 10 20 20 10 10 20 20 10 10 20 20 30 30 40 40 30 30 40 40 30 30 40 40 30 30 80 80 80 40 40 80 80 80 80 80 80 80 80 80 80 80 80 80 80 80 80 80 80 
0 90 90 90 90 90 90 90 90 90 90 90 90 90 90 90 90 90 90 90 90 90 90 90 90 90 90 90 90 90 90 90 90 90 90 10 10 20 20 10 10 20 20 10 10 20 20 10 10 20 20 10 10 20 20 30 30 40 40 30 30 40 40 30 30 40 40 30 30 80 80 80 40 40 80 80 80 80 80 80 80 80 80 80 80 80 80 80 80 80 80 80 
0 90 90 90 90 90 90 90 90 90 90 90 90 90 90 90 90 90 90 90 90 90 90 90 90 90 90 90 90 90 90 90 90 90 90 10 10 20 20 10 10 20 20 10 10 20 20 10 10 20 20 10 10 20 20 30 30 40 40 30 30 40 40 30 30 40 40 30 30 80 80 80 40 40 80 80 80 80 80 80 80 80 80 80 80 80 80 80 80 80 80 80 
0 90 90 90 90 90 90 90 90 90 90 90 90 90 90 90 90 90 90 90 90 90 90 90 90 90 90 90 90 90 90 90 90 90 90 10 10 20 20 10 10 20 20 10 10 20 20 10 10 20 20 10 10 20 20 30 30 40 40 30 30 40 40 30 30 40 40 30 30 80 80 80 40 40 80 80 80 80 80 80 80 80 80 80 80 80 80 80 80 80 80 80 
0 90 90 90 90 90 90 90 90 90 90 90 90 90 90 90 90 90 90 90 90 90 90 90 90 90 90 90 90 90 90 90 90 90 90 10 10 20 20 10 10 20 20 10 10 20 20 10 10 20 20 10 10 20 20 30 30 40 40 30 30 40 40 30 30 40 40 30 30 80 80 80 40 40 80 80 80 80 80 80 80 80 80 80 80 80 80 80 80 80 80 80 
0 90 90 90 90 90 90 90 90 90 90 90 90 90 90 90 90 90 90 90 90 90 90 90 90 90 90 90 90 90 90 90 90 90 90 10 10 20 20 10 10 20 20 10 10 20 20 10 10 20 20 10 10 20 20 30 30 40 40 30 30 40 40 30 30 40 40 30 30 80 80 80 40 40 80 80 80 80 80 80 80 80 80 80 80 80 80 80 80 80 80 80 
0 90 90 90 90 90 90 90 90 90 90 90 90 90 90 90 90 90 90 90 90 90 90 90 90 90 90 90 90 90 90 90 90 90 90 10 10 20 20 10 10 20 20 10 10 20 20 10 10 20 20 10 10 20 20 30 30 40 40 30 30 40 40 30 30 40 40 30 30 80 80 80 40 40 80 80 80 80 80 80 80 80 80 80 80 80 80 80 80 80 80 80 
0 90 90 90 90 90 90 90 90 90 90 90 90 90 90 90 90 90 90 90 90 90 90 90 90 90 90 90 90 90 90 90 90 90 90 10 10 20 20 10 10 20 20 10 10 20 20 10 10 20 20 10 10 20 20 30 30 40 40 30 30 40 40 30 30 40 40 30 30 80 80 80 40 40 80 80 80 80 80 80 80 80 80 80 80 80 80 80 80 80 80 80 
0 90 90 90 90 90 90 90 90 90 90 90 90 90 90 90 90 90 90 90 90 90 90 90 90 90 90 90 90 90 90 90 90 90 90 10 10 20 20 10 10 20 20 10 10 20 20 10 10 20 20 10 10 20 20 30 30 40 40 30 30 40 40 30 30 40 40 30 30 80 80 80 40 40 80 80 80 80 80 80 80 80 80 80 80 80 80 80 80 80 80 80 
0 90 90 90 90 90 90 90 90 90 90 90 90 90 90 90 90 90 90 90 90 90 90 90 90 90 90 90 90 90 90 90 90 90 90 10 10 20 20 10 10 20 20 10 10 20 20 10 10 20 20 10 10 20 20 30 30 40 40 30 30 40 40 30 30 40 40 30 30 80 80 80 40 40 80 80 80 80 80 80 80 80 80 80 80 80 80 80 80 80 80 80 
0 90 90 90 90 90 90 90 90 90 90 90 90 90 90 90 90 90 90 90 90 90 90 90 90 90 90 90 90 90 90 90 90 90 90 10 10 20 20 10 10 20 20 10 10 20 20 10 10 20 20 10 10 20 20 30 30 40 40 30 30 40 40 30 30 40 40 30 30 80 80 80 40 40 80 80 80 80 80 80 80 80 80 80 80 80 80 80 80 80 80 80 
0 90 90 90 90 90 90 90 90 90 90 90 90 90 90 90 90 90 90 90 90 90 90 90 90 90 90 90 90 90 90 90 90 90 90 10 10 20 20 10 10 20 20 10 10 20 20 10 10 20 20 10 10 20 20 30 30 40 40 30 30 40 40 30 30 40 40 30 30 80 80 80 40 40 80 80 80 80 80 80 80 80 80 80 80 80 80 80 80 80 80 80 
0 90 90 90 90 90 90 90 90 90 90 90 90 90 90 90 90 90 90 90 90 90 90 90 90 90 90 90 90 90 90 90 90 90 90 10 10 20 20 10 10 20 20 10 10 20 20 10 10 20 20 10 10 20 20 30 30 40 40 30 30 40 40 30 30 40 40 30 30 80 80 80 40 40 80 80 80 80 80 80 80 80 80 80 80 80 80 80 80 80 80 80 
0 90 90 90 90 90 90 90 90 90 90 90 90 90 90 90 90 90 90 90 90 90 90 90 90 90 90 90 90 90 90 90 90 90 90 10 10 20 20 10 10 20 20 10 10 20 20 10 10 20 20 10 10 20 20 30 30 40 40 30 30 40 40 30 30 40 40 30 30 80 80 80 40 40 80 80 80 80 80 80 80 80 80 80 80 80 80 80 80 80 80 80 
